room108:15.911573202951573 26.7268589369082 0.0 0.0 0.0 0.0 1.0
room109:15.500001721084118 17.75000175461173 0.0 0.0 0.0 0.0 1.0
outside127:20.07584452617391 -16.78564168395144 0.0 0.0 0.0 0.2508413082792208 0.9680282217274292
room106:8.467913096242512 42.97801042929353 0.0 0.0 0.0 0.0 1.0
outside128:17.717648826101254 0.32941326674293236 0.0 0.0 0.0 0.24253562503633283 0.9701425001453319
room107:14.360871269327149 32.52045703215401 0.0 0.0 0.0 0.0 1.0
outside129:17.092508831879414 1.4355057637458657 0.0 0.0 0.0 0.26693358189581146 0.963714928210761
room105:12.556029212474073 42.68066868084233 0.0 0.0 0.0 0.0 1.0
outside115:7.850001607090235 5.150001551955938 0.0 0.0 0.0 -0.7071067811865475 0.7071067811865476
door227:0.0 0.0 0.0 0.0 0.0 -0.6908662457673519 0.7229825934691132
outside116:8.297215202590195 3.744428723584349 0.0 0.0 0.0 -0.8506508083520399 0.5257311121191336
door226:0.0 0.0 0.0 0.0 0.0 -0.657604286507732 0.7533635260394923
outside117:12.000497951399169 4.6950387354604 0.0 0.0 0.0 -0.6710053207609464 0.7414525335518785
outside118:11.826698164089493 8.40294714468547 0.0 0.0 0.0 0.7337221881900318 0.6794495938313831
room212:7.61734031330073 -5.357256654229374 0.0 0.0 0.0 0.0 1.0
room211:9.21683331062593 -5.213859973715088 0.0 0.0 0.0 0.0 1.0
door53:0.0 0.0 0.0 0.0 0.0 -0.9545135388363484 0.29816757734218985
outside110:13.143741150239904 17.111723933391005 0.0 0.0 0.0 -0.9984336430315951 0.055948730661716566
outside111:11.33387155444305 23.078887269552695 0.0 0.0 0.0 -0.9959593139531121 0.08980559531591706
door50:0.0 0.0 0.0 0.0 0.0 -0.9696574394914359 0.24446768710590847
outside113:7.350001599639654 10.750001635402441 0.0 0.0 0.0 -0.7071067811865475 0.7071067811865476
door51:0.0 0.0 0.0 0.0 0.0 -0.9715334609391818 0.2369023728786508
outside114:0.0 0.0 0.0 0.0 0.0 -0.7071067811865475 0.7071067811865476
door52:0.0 0.0 0.0 0.0 0.0 -0.9594734168742127 0.28179915243258497
outside105:9.905370907832207 41.84651452328504 0.0 0.0 0.0 0.05181339254205207 0.9986567840621137
outside106:9.96623656382782 43.85766479036707 0.0 0.0 0.0 -0.9915228034698058 0.12993279108591813
room128:18.793105218431037 0.7770129959473593 0.0 0.0 0.0 0.0 1.0
outside107:11.610052184209593 33.308580632322645 0.0 0.0 0.0 0.07088902009067935 0.9974842088126424
room129:18.29458774998784 2.091084323823452 0.0 0.0 0.0 0.0 1.0
room126:15.020508554361328 5.8997010322373455 0.0 0.0 0.0 0.0 1.0
door46:0.0 0.0 0.0 0.0 0.0 -0.49269881498359297 0.8701999067534788
outside109:13.355962547839766 18.440978117153065 0.0 0.0 0.0 0.0545932408452461 0.9985086770048686
room127:22.064092727987614 -16.052801779392325 0.0 0.0 0.0 0.0 1.0
door47:0.0 0.0 0.0 0.0 0.0 -0.49269881498359297 0.8701999067534788
room124:33.3675782238509 5.654459551317217 0.0 0.0 0.0 0.0 1.0
door48:0.0 0.0 0.0 0.0 0.0 -0.9570920264890529 0.28978414868843005
room125:28.710182541904885 -4.117201314401228 0.0 0.0 0.0 0.0 1.0
door49:0.0 0.0 0.0 0.0 0.0 -0.9664996487646695 0.25666793515702413
room122:30.05960168788269 14.890613031578255 0.0 0.0 0.0 0.0 1.0
room123:22.784809160078822 23.154616086967096 0.0 0.0 0.0 0.0 1.0
room120:16.990283674089852 8.079205654361544 0.0 0.0 0.0 0.0 1.0
room121:23.322286331907307 10.266554885693779 0.0 0.0 0.0 0.0 1.0
door42:0.0 0.0 0.0 0.0 0.0 -0.49269881498359297 0.8701999067534788
door43:0.0 0.0 0.0 0.0 0.0 -0.48270436532727684 0.8757833611653003
door44:0.0 0.0 0.0 0.0 0.0 -0.5056662096028154 0.8627292069160065
door45:0.0 0.0 0.0 0.0 0.0 -0.4791880678222807 0.8777122510576854
door40:0.0 0.0 0.0 0.0 0.0 -0.9570920264890529 0.28978414868843005
door41:0.0 0.0 0.0 0.0 0.0 -0.9622001654293518 0.272343242339016
room119:10.115861343484767 -7.407342310692698 0.0 0.0 0.0 0.0 1.0
door39:0.0 0.0 0.0 0.0 0.0 -0.9696574394914359 0.24446768710590847
room117:11.882827234687 2.6694758429170804 0.0 0.0 0.0 0.0 1.0
room118:11.580992879750312 9.991218702986814 0.0 0.0 0.0 0.0 1.0
room115:7.487582246851062 4.4258080076786825 0.0 0.0 0.0 0.0 1.0
door35:0.0 0.0 0.0 0.0 0.0 -0.9545135388363484 0.29816757734218985
room116:7.574315817446035 2.4416474117862634 0.0 0.0 0.0 0.0 1.0
door36:0.0 0.0 0.0 0.0 0.0 -0.9637149282107609 0.2669335818958115
room113:6.867350730378618 9.962501638568938 0.0 0.0 0.0 0.0 1.0
door37:0.0 0.0 0.0 0.0 0.0 -0.9696574394914359 0.24446768710590847
room114:7.067920670580833 8.491331096415564 0.0 0.0 0.0 0.0 1.0
door38:0.0 0.0 0.0 0.0 0.0 -0.9622001654293518 0.272343242339016
room111:7.611687155946996 23.904074084274882 0.0 0.0 0.0 0.0 1.0
room112:10.058971662555876 6.3198649613951545 0.0 0.0 0.0 0.0 1.0
room110:6.150567801902056 15.831287460035298 0.0 0.0 0.0 0.0 1.0
door31:0.0 0.0 0.0 0.0 0.0 -0.9968552131369693 0.07924445748219451
door32:0.0 0.0 0.0 0.0 0.0 -0.998758526924799 0.04981370188015974
door33:0.0 0.0 0.0 0.0 0.0 -0.4964775289157638 0.8680495742074279
door34:0.0 0.0 0.0 0.0 0.0 -0.9664996487646695 0.25666793515702413
outside211:9.34540928961556 -6.448967131305523 0.0 0.0 0.0 0.7229825934691132 0.6908662457673519
outside212:7.785114808843332 -6.590828761374695 0.0 0.0 0.0 0.7533635260394922 0.6576042865077321
door30:0.0 0.0 0.0 0.0 0.0 -0.9637149282107609 0.2669335818958115
door28:0.0 0.0 0.0 0.0 0.0 -0.9680282217274292 0.25084130827922085
door29:0.0 0.0 0.0 0.0 0.0 -0.9701425001453319 0.24253562503633289
room148:24.374663872760777 25.89556588105981 0.0 0.0 0.0 0.0 1.0
door24:0.0 0.0 0.0 0.0 0.0 -0.6710053207609464 0.7414525335518785
room149:26.05898600540938 23.124340459034244 0.0 0.0 0.0 0.0 1.0
door25:0.0 0.0 0.0 0.0 0.0 -0.7071067811865475 0.7071067811865476
room146:24.88732580462812 12.528874916247503 0.0 0.0 0.0 0.0 1.0
door26:0.0 0.0 0.0 0.0 0.0 -0.8506508083520399 0.5257311121191336
room147:22.810249038946708 28.472543115878608 0.0 0.0 0.0 0.0 1.0
door27:0.0 0.0 0.0 0.0 0.0 -0.6794495938313831 0.7337221881900319
room144:20.682956343770712 9.953410729342565 0.0 0.0 0.0 0.0 1.0
room145:22.520860721408596 11.195093681475868 0.0 0.0 0.0 0.0 1.0
room142:24.35765491429791 -5.464284305593793 0.0 0.0 0.0 0.0 1.0
room143:25.967052568299565 -4.477417931441337 0.0 0.0 0.0 0.0 1.0
room140:30.96269237587049 3.0432822753992355 0.0 0.0 0.0 0.0 1.0
room141:32.36430168921905 0.37100999052586303 0.0 0.0 0.0 0.0 1.0
door20:0.0 0.0 0.0 0.0 0.0 -0.9915228034698058 0.12993279108591813
door21:0.0 0.0 0.0 0.0 0.0 -0.9959593139531121 0.08980559531591706
elevator-button220:8.550001617521048 -6.449998601526019 0.0 0.0 0.0 0.7071067811865475 0.7071067811865476
door22:0.0 0.0 0.0 0.0 0.0 -0.7071067811865475 0.7071067811865476
door23:0.0 0.0 0.0 0.0 0.0 -0.7071067811865475 0.7071067811865476
room139:29.04893677729453 6.2693391316398674 0.0 0.0 0.0 0.0 1.0
room137:39.040140656833984 1.9552021027665631 0.0 0.0 0.0 0.0 1.0
room138:27.227335128326317 9.432069396509675 0.0 0.0 0.0 0.0 1.0
room135:35.615265178719625 7.595801818125139 0.0 0.0 0.0 0.0 1.0
room136:37.14090650475245 5.052863655448334 0.0 0.0 0.0 0.0 1.0
room133:32.56841551926959 12.672428918820643 0.0 0.0 0.0 0.0 1.0
room134:34.13607057021176 10.04815021127375 0.0 0.0 0.0 0.0 1.0
room131:14.346095453889575 -12.662889323575655 0.0 0.0 0.0 0.0 1.0
room132:37.78763418850227 -1.819660270614179 0.0 0.0 0.0 0.0 1.0
room130:14.500001706182957 -18.449998784810305 0.0 0.0 0.0 0.0 1.0
door90:0.0 0.0 0.0 0.0 0.0 -0.9992907786241734 0.03765554084983282
door91:0.0 0.0 0.0 0.0 0.0 -0.9984336430315951 0.055948730661716566
door92:0.0 0.0 0.0 0.0 0.0 -0.9985086770048686 0.05459324084524615
outside150:25.562247352802913 18.439684607293074 0.0 0.0 0.0 0.23690237287865074 0.9715334609391818
outside151:27.208823432717125 15.709244140946495 0.0 0.0 0.0 0.2817991524325849 0.9594734168742127
outside152:20.62219397680289 26.769211859356858 0.0 0.0 0.0 -0.9545135388363484 0.29816757734218985
door93:0.0 0.0 0.0 0.0 0.0 -0.9986637631899424 0.05167870055741155
door94:0.0 0.0 0.0 0.0 0.0 -0.9616756641919663 0.27418956380748805
door95:0.0 0.0 0.0 0.0 0.0 -0.9973189970050919 0.07317662340363665
outside148:22.381758694443647 23.553862910132196 0.0 0.0 0.0 0.2566679351570241 0.9664996487646695
outside149:23.019530746331696 22.525902009807808 0.0 0.0 0.0 0.2444676871059084 0.9696574394914359
door81:0.0 0.0 0.0 0.0 0.0 -0.9986567840621137 0.05181339254205213
outside140:34.70166031122497 3.674098962719114 0.0 0.0 0.0 -0.9622001654293518 0.272343242339016
door86:0.0 0.0 0.0 0.0 0.0 -0.4757891534163516 0.8795593678037609
outside141:33.81449774175232 -1.307491442301938 0.0 0.0 0.0 0.8701999067534788 0.492698814983593
door87:0.0 0.0 0.0 0.0 0.0 -0.9669597162882776 0.2549292197369572
outside142:24.983994845837486 -6.445487496361366 0.0 0.0 0.0 0.8757833611653003 0.4827043653272769
door88:0.0 0.0 0.0 0.0 0.0 -0.9659672836200511 0.25866427464128044
outside143:26.538605247223202 -5.572504595869063 0.0 0.0 0.0 0.8627292069160064 0.5056662096028155
door89:0.0 0.0 0.0 0.0 0.0 -0.9659672836200511 0.25866427464128044
outside144:21.24075938988365 8.908823160025875 0.0 0.0 0.0 0.8777122510576854 0.4791880678222807
door82:0.0 0.0 0.0 0.0 0.0 -0.9974842088126424 0.0708890200906794
outside145:23.164497583054953 10.142508728316344 0.0 0.0 0.0 0.8701999067534788 0.492698814983593
door83:0.0 0.0 0.0 0.0 0.0 -0.9982176211846098 0.05967898086042513
outside146:25.464497617327623 11.54250874917797 0.0 0.0 0.0 0.8701999067534788 0.492698814983593
door84:0.0 0.0 0.0 0.0 0.0 -0.8928580685315572 0.45033817233063544
outside147:20.06795150721254 27.64530171410364 0.0 0.0 0.0 0.28978414868843 0.9570920264890529
door85:0.0 0.0 0.0 0.0 0.0 -0.5071277298774777 0.8618709100493623
outside137:36.59834373146006 0.025904072647421117 0.0 0.0 0.0 0.27234324233901597 0.9622001654293518
outside138:30.830473036328073 10.074101456202285 0.0 0.0 0.0 -0.9696574394914359 0.24446768710590847
outside139:32.78205226054607 6.854701780218662 0.0 0.0 0.0 -0.9570920264890529 0.28978414868843005
room151:29.277987799679778 17.989470936262308 0.0 0.0 0.0 0.0 1.0
room152:19.67649432063213 25.948695906632523 0.0 0.0 0.0 0.0 1.0
room150:27.739888267108995 20.561774523783143 0.0 0.0 0.0 0.0 1.0
outside130:16.145038906078696 -18.050495061318955 0.0 0.0 0.0 -0.998758526924799 0.04981370188015974
outside131:15.637442340334843 -12.642008199512077 0.0 0.0 0.0 -0.9968552131369693 0.07924445748219451
outside132:36.8429819201111 -0.6880643178229207 0.0 0.0 0.0 -0.4964775289157638 0.8680495742074279
outside133:29.48175880024189 11.953862737278726 0.0 0.0 0.0 0.2566679351570241 0.9664996487646695
outside134:31.87780978574031 7.880791637200616 0.0 0.0 0.0 0.2981675773421898 0.9545135388363485
outside135:32.54250906210234 6.785505843467078 0.0 0.0 0.0 0.26693358189581146 0.963714928210761
outside136:34.96953092440057 2.7259017147648166 0.0 0.0 0.0 0.2444676871059084 0.9696574394914359
