room108:27.606299965655978 24.161338365661223 0.0 0.0 0.0 0.0 1.0
outside126:15.692042352974951 3.9690597204769773 0.0 0.0 0.0 -0.21452344335707038 0.9767188399177247
room109:22.118738929024005 13.451516842074469 0.0 0.0 0.0 0.0 1.0
outside127:13.842042325407803 -0.43094034508811774 0.0 0.0 0.0 -0.21452344335707038 0.9767188399177247
room106:22.174413585246484 28.90477316266086 0.0 0.0 0.0 0.0 1.0
outside128:12.680856662753854 -3.2060792649488974 0.0 0.0 0.0 -0.20106587226819733 0.9795777228015289
room107:23.797686177642717 22.548485500177307 0.0 0.0 0.0 0.0 1.0
outside129:12.130856654558215 -4.456079283575349 0.0 0.0 0.0 -0.20106587226819733 0.9795777228015289
room104:14.370873546526212 31.945442508346048 0.0 0.0 0.0 0.0 1.0
door68:0.0 0.0 0.0 0.0 0.0 -0.2075914875178446 0.978215607271796
room105:26.513751885201785 34.92511564690449 0.0 0.0 0.0 0.0 1.0
door69:0.0 0.0 0.0 0.0 0.0 -0.20106587226819733 0.9795777228015289
room102:26.158892793738502 43.16851293785507 0.0 0.0 0.0 0.0 1.0
room103:18.549235047091074 38.71941738168266 0.0 0.0 0.0 0.0 1.0
room101:33.07837520536012 40.95672253052635 0.0 0.0 0.0 0.0 1.0
door64:0.0 0.0 0.0 0.0 0.0 -0.39854845981385306 0.9171472756215359
door65:0.0 0.0 0.0 0.0 0.0 -0.21658354046964715 0.9762640882454054
outside120:23.41138119515948 21.908644729516283 0.0 0.0 0.0 -0.2359865917220046 0.9717563112876767
door66:0.0 0.0 0.0 0.0 0.0 -0.20474699643439323 0.9788149301329105
outside121:22.930856815490756 20.64392109044381 0.0 0.0 0.0 -0.20106587226819733 0.9795777228015289
door67:0.0 0.0 0.0 0.0 0.0 -0.20474699643439323 0.9788149301329105
outside122:21.112247286492746 16.360318891499574 0.0 0.0 0.0 -0.23690237287865082 0.9715334609391818
door60:0.0 0.0 0.0 0.0 0.0 -0.39752916315578046 0.9175895402851239
outside123:19.20557459862954 12.247215261449782 0.0 0.0 0.0 -0.22975292054736118 0.9732489894677302
door61:0.0 0.0 0.0 0.0 0.0 -0.42415539624972365 0.9055894212236801
outside124:18.080856743220124 9.59392092578598 0.0 0.0 0.0 -0.20106587226819733 0.9795777228015289
door62:0.0 0.0 0.0 0.0 0.0 -0.42415539624972365 0.9055894212236801
outside125:16.230856715652976 5.243920860965929 0.0 0.0 0.0 -0.20106587226819733 0.9795777228015289
door63:0.0 0.0 0.0 0.0 0.0 -0.409656051566482 0.912240055804918
door227:0.0 0.0 0.0 0.0 0.0 -0.9319748226751464 0.3625230060280718
outside116:-10.917680432377338 5.268946311280217 0.0 0.0 0.0 0.9171472756215359 0.39854845981385306
door226:0.0 0.0 0.0 0.0 0.0 -0.9308043542083103 0.3655177891523892
outside117:-15.655607690943953 1.2958253799422295 0.0 0.0 0.0 0.8928580685315572 0.45033817233063544
outside118:5.407108341338116 20.69289502781443 0.0 0.0 0.0 0.9238795325112867 0.38268343236508984
outside119:17.705574576277797 28.347215501358477 0.0 0.0 0.0 -0.22975292054736118 0.9732489894677302
door57:0.0 0.0 0.0 0.0 0.0 -0.3997179634646923 0.9166381781726304
door58:0.0 0.0 0.0 0.0 0.0 -0.42415539624972365 0.9055894212236801
room212:-8.756853479080874 16.9661307751892 0.0 0.0 0.0 0.0 1.0
door59:0.0 0.0 0.0 0.0 0.0 -0.42074799971825544 0.9071775574456673
room211:-7.744998625293377 15.66571600926774 0.0 0.0 0.0 0.0 1.0
door53:0.0 0.0 0.0 0.0 0.0 -0.8280672304692729 0.5606288093051838
door54:0.0 0.0 0.0 0.0 0.0 -0.9238795325112867 0.38268343236508984
door55:0.0 0.0 0.0 0.0 0.0 -0.9303373765045853 0.3667047393729259
door56:0.0 0.0 0.0 0.0 0.0 -0.3826834323650898 0.9238795325112867
outside112:12.089501055853162 24.750827343689437 0.0 0.0 0.0 -0.41200690270142504 0.9111807241850425
outside105:24.921721768852777 36.18480546298977 0.0 0.0 0.0 -0.40107349530163056 0.9160458784179605
room128:15.804818639314135 -3.6105042306418937 0.0 0.0 0.0 0.0 1.0
room129:14.668150396735214 -6.391200187794084 0.0 0.0 0.0 0.0 1.0
outside108:25.305574689526622 26.19721546932098 0.0 0.0 0.0 -0.22975292054736118 0.9732489894677302
room126:18.173127287454264 2.0062567853865545 0.0 0.0 0.0 0.0 1.0
room127:16.991500737272958 -0.818137355073091 0.0 0.0 0.0 0.0 1.0
room124:20.576859350101373 7.690139125233571 0.0 0.0 0.0 0.0 1.0
room125:19.40844701642058 4.825767403402054 0.0 0.0 0.0 0.0 1.0
room122:22.292069129986118 15.842549803111552 0.0 0.0 0.0 0.0 1.0
room123:21.75216582336023 10.444249937319285 0.0 0.0 0.0 0.0 1.0
room120:24.841836312189855 21.265549905431484 0.0 0.0 0.0 0.0 1.0
room121:24.010716133617933 20.20089464827572 0.0 0.0 0.0 0.0 1.0
outside101:30.854390601406664 42.5684204023689 0.0 0.0 0.0 -0.3901209050787318 0.9207636392802179
room119:19.282474390905875 27.826058242784853 0.0 0.0 0.0 0.0 1.0
room117:-19.104487475281132 4.134359475220137 0.0 0.0 0.0 0.0 1.0
room118:2.5501596725550257 23.877070902317016 0.0 0.0 0.0 0.0 1.0
room115:4.899703674413615 18.374014076643732 0.0 0.0 0.0 0.0 1.0
room116:-11.744998684898022 6.031668246661624 0.0 0.0 0.0 0.0 1.0
room113:0.16126278203239508 -5.820267976943811 0.0 0.0 0.0 0.0 1.0
room114:-9.005212651854123 13.833299361617975 0.0 0.0 0.0 0.0 1.0
room111:17.894442382301094 8.775787838448679 0.0 0.0 0.0 0.0 1.0
room112:13.050001684576273 22.250001821666956 0.0 0.0 0.0 0.0 1.0
room110:13.728381132471895 17.35048332554274 0.0 0.0 0.0 0.0 1.0
outside211:-8.58715276705874 14.924277094056905 0.0 0.0 0.0 0.36252300602807175 0.9319748226751464
outside212:-9.632792134130511 16.16955064183341 0.0 0.0 0.0 0.36551778915238914 0.9308043542083103
door24:0.0 0.0 0.0 0.0 0.0 -0.22975292054736118 0.9732489894677302
room144:29.07852880812061 44.783039851448706 0.0 0.0 0.0 0.0 1.0
room145:13.567429690397987 -1.4414704388233588 0.0 0.0 0.0 0.0 1.0
room142:11.610344972982872 35.5768065977166 0.0 0.0 0.0 0.0 1.0
room143:27.19187489850148 46.85443509564982 0.0 0.0 0.0 0.0 1.0
room140:13.742574712977074 37.633284387474305 0.0 0.0 0.0 0.0 1.0
room141:14.835352029651403 33.61751791462302 0.0 0.0 0.0 0.0 1.0
door20:0.0 0.0 0.0 0.0 0.0 -0.22975292054736118 0.9732489894677302
door21:0.0 0.0 0.0 0.0 0.0 -0.8077053073689017 0.5895864113496071
elevator-button220:-9.062130676115117 15.587869691198492 0.0 0.0 0.0 0.3826834323650898 0.9238795325112867
door22:0.0 0.0 0.0 0.0 0.0 -0.18910752115495127 0.9819563867314218
door23:0.0 0.0 0.0 0.0 0.0 -0.3826834323650898 0.9238795325112867
room139:16.020040802235485 39.64687620872644 0.0 0.0 0.0 0.0 1.0
room137:20.41646520897929 39.21036792805464 0.0 0.0 0.0 0.0 1.0
room138:18.260160721751276 41.714481880496436 0.0 0.0 0.0 0.0 1.0
room135:23.7275719371424 42.20327314703127 0.0 0.0 0.0 0.0 1.0
room136:20.22449664470608 43.49081418545384 0.0 0.0 0.0 0.0 1.0
room133:19.642350920740952 16.724031911737384 0.0 0.0 0.0 0.0 1.0
room134:21.931127008927646 45.016265601770925 0.0 0.0 0.0 0.0 1.0
room131:14.390349805814836 3.789874964311153 0.0 0.0 0.0 0.0 1.0
room132:13.65547044359846 1.9127619352851326 0.0 0.0 0.0 0.0 1.0
room130:13.022296766130651 -10.220988340391287 0.0 0.0 0.0 0.0 1.0
door90:0.0 0.0 0.0 0.0 0.0 -0.8506508083520399 0.5257311121191336
door91:0.0 0.0 0.0 0.0 0.0 -0.1917464769920048 0.9814444908201149
door92:0.0 0.0 0.0 0.0 0.0 -0.4331887304891343 0.9013032363068559
door93:0.0 0.0 0.0 0.0 0.0 -0.41200690270142504 0.9111807241850425
door94:0.0 0.0 0.0 0.0 0.0 -0.41462108308382806 0.9099941524330766
door95:0.0 0.0 0.0 0.0 0.0 -0.45033817233063544 0.8928580685315572
door81:0.0 0.0 0.0 0.0 0.0 -0.3901209050787318 0.9207636392802179
outside140:14.990186103612245 35.331780748450655 0.0 0.0 0.0 0.90558942122368 0.42415539624972376
door86:0.0 0.0 0.0 0.0 0.0 -0.40107349530163056 0.9160458784179605
outside141:13.969550609050856 34.482795484656606 0.0 0.0 0.0 -0.3997179634646923 0.9166381781726304
door87:0.0 0.0 0.0 0.0 0.0 -0.4161611044138482 0.9092908968933133
outside142:13.857108467252928 34.29289523047021 0.0 0.0 0.0 0.9238795325112867 0.38268343236508984
door88:0.0 0.0 0.0 0.0 0.0 -1.0 6.123233995736766E-17
outside143:24.81894660259792 44.66768391552378 0.0 0.0 0.0 0.36670473937292586 0.9303373765045853
door89:0.0 0.0 0.0 0.0 0.0 -0.8022929282893952 0.5969305296404492
outside144:25.892895105300468 43.34289536532572 0.0 0.0 0.0 0.3826834323650898 0.9238795325112867
door82:0.0 0.0 0.0 0.0 0.0 -0.39449368694904796 0.9188986510803825
door83:0.0 0.0 0.0 0.0 0.0 -0.932721843154738 0.3605966767761847
door84:0.0 0.0 0.0 0.0 0.0 -0.8714866993367609 0.49041914000079356
door85:0.0 0.0 0.0 0.0 0.0 -0.40266324111014506 0.9153481929073074
outside137:19.559817391455113 40.06822335532914 0.0 0.0 0.0 -0.42415539624972365 0.9055894212236801
outside138:19.583942900629395 39.47046488500271 0.0 0.0 0.0 0.9175895402851239 0.3975291631557805
outside139:18.49594399756802 38.48661578961759 0.0 0.0 0.0 0.9071775574456672 0.4207479997182555
door79:0.0 0.0 0.0 0.0 0.0 -0.39854845981385306 0.9171472756215359
door70:0.0 0.0 0.0 0.0 0.0 -0.20106587226819733 0.9795777228015289
door75:0.0 0.0 0.0 0.0 0.0 -0.22975292054736118 0.9732489894677302
outside130:11.036190119564736 -7.143860156334199 0.0 0.0 0.0 -0.2075914875178446 0.978215607271796
door76:0.0 0.0 0.0 0.0 0.0 -0.23690237287865082 0.9715334609391818
outside131:15.666159044810428 3.2491827104856412 0.0 0.0 0.0 0.9788149301329105 0.20474699643439337
door77:0.0 0.0 0.0 0.0 0.0 -0.20106587226819733 0.9795777228015289
outside132:14.916159033634557 1.449182683663551 0.0 0.0 0.0 0.9788149301329105 0.20474699643439337
door78:0.0 0.0 0.0 0.0 0.0 -0.2359865917220046 0.9717563112876767
outside133:21.156184931859897 15.827116266928869 0.0 0.0 0.0 0.9762640882454054 0.21658354046964712
door71:0.0 0.0 0.0 0.0 0.0 -0.21452344335707038 0.9767188399177247
outside134:23.93232008692813 43.36894687901446 0.0 0.0 0.0 0.9171472756215359 0.39854845981385306
door72:0.0 0.0 0.0 0.0 0.0 -0.21452344335707038 0.9767188399177247
outside135:22.985638003698668 43.19741144135406 0.0 0.0 0.0 -0.409656051566482 0.912240055804918
door73:0.0 0.0 0.0 0.0 0.0 -0.20106587226819733 0.9795777228015289
outside136:21.690186203450025 41.481780840092796 0.0 0.0 0.0 0.90558942122368 0.42415539624972376
door74:0.0 0.0 0.0 0.0 0.0 -0.20106587226819733 0.9795777228015289
