betaLeftSix:11.881 25.211 -0.026 0 0 0.956 0.295
betaLeftSeven:12.756 26.429 -0.026 0 0 0.956 0.295
betaLeftEight:13.632 27.648 -0.026 0 0 0.956 0.295
betaLeftFour:10.247 22.938 -0.026 0 0 0.956 0.295
betaLeftThree:9.255 21.557 -0.026 0 0 0.956 0.295
betaLeftNine:14.507 28.866 -0.026 0 0 0.956 0.295
betaLeftTen:15.382 30.084 -0.026 0 0 0.956 0.295
betaLeftEleven:16.258 31.302 -0.026 0 0 0.956 0.295
betaLeftTwelve:17.133 32.52 -0.026 0 0 0.956 0.295
betaRightEleven:17.725 30.247 -0.026 0 0 -0.295 0.956
betaRightTen:16.85 29.029 -0.026 0 0 -0.295 0.956
betaRightNine:15.975 27.811 -0.026 0 0 -0.295 0.956
betaRightSeven:14.224 25.375 -0.026 0 0 -0.295 0.956
betaRightFour:11.598 21.72 -0.026 0 0 -0.295 0.956
betaRightThree:10.723 20.502 -0.026 0 0 -0.295 0.956
betaRightTwo:9.848 19.284 -0.026 0 0 -0.295 0.956
betaLeftFive:11.006 23.993 -0.026 0 0 0.956 0.295
betaRightTwelve:18.601 31.465 -0.026 0 0 -0.295 0.956
betaRightOne:8.972 18.066 -0.026 0 0 -0.295 0.956
betaLeftOne:7.504 19.121 -0.026 0 0 0.956 0.295
betaLeftTwo:8.38 20.339 -0.026 0 0 0.956 0.295
alphaLeftSix:8.288 -25.425 -0.026 0 0 -0.18 -0.984
alphaLeftSeven:8.906 -26.792 -0.026 0 0 -0.18 -0.984
alphaLeftEight:9.523 -28.159 -0.026 0 0 -0.18 -0.984
alphaLeftFour:7.054 -22.69 -0.026 0 0 -0.18 -0.984
alphaLeftNine:10.14 -29.526 -0.026 0 0 -0.18 -0.984
alphaLeftTen:10.757 -30.893 -0.026 0 0 -0.18 -0.984
alphaLeftEleven:11.375 -32.26 -0.026 0 0 -0.18 -0.984
alphaLeftTwelve:11.992 -33.627 -0.026 0 0 -0.18 -0.984
alphaRightEleven:9.76 -32.989 -0.026 0 0 0.984 -0.18
alphaRightTen:9.143 -31.622 -0.026 0 0 0.984 -0.18
alphaRightNine:8.525 -30.255 -0.026 0 0 0.984 -0.18
alphaRightSeven:7.291 -27.521 -0.026 0 0 0.984 -0.18
alphaRightFour:5.439 -23.419 -0.026 0 0 0.984 -0.18
alphaRightThree:4.822 -22.052 -0.026 0 0 0.984 -0.18
alphaRightTwo:4.205 -20.685 -0.026 0 0 0.984 -0.18
alphaRightEight:7.908 -28.888 -0.026 0 0 0.984 -0.18
alphaLeftFive:7.671 -24.058 -0.026 0 0 -0.18 -0.984
alphaRightTwelve:10.377 -34.356 -0.026 0 0 0.984 -0.18
alphaRightOne:3.587 -19.318 -0.026 0 0 0.984 -0.18
alphaLeftOne:5.202 -18.589 -0.026 0 0 -0.18 -0.984
alphaLeftTwo:5.819 -19.956 -0.026 0 0 -0.18 -0.984
gammaLeftSix:-33.643 3.375 0.048 0 0 0.733 -0.68
gammaLeftSeven:-35.136 3.524 0.048 0 0 0.733 -0.68
gammaLeftEight:-36.628 3.673 0.048 0 0 0.733 -0.68
gammaLeftFour:-30.658 3.077 0.048 0 0 0.733 -0.68
gammaLeftThree:-29.165 2.928 0.048 0 0 0.733 -0.68
gammaLeftNine:-38.121 3.822 0.048 0 0 0.733 -0.68
gammaLeftTen:-39.614 3.971 0.048 0 0 0.733 -0.68
gammaLeftEleven:-41.106 4.12 0.048 0 0 0.733 -0.68
gammaLeftTwelve:-42.599 4.269 0.048 0 0 0.733 -0.68
gammaRightEleven:-40.927 5.918 0.048 0 0 0.68 0.733
gammaRightTen:-39.434 5.769 0.048 0 0 0.68 0.733
gammaRightNine:-37.941 5.62 0.048 0 0 0.68 0.733
gammaRightSeven:-34.956 5.322 0.048 0 0 0.68 0.733
gammaRightFour:-30.479 4.876 0.048 0 0 0.68 0.733
gammaRightThree:-28.986 4.727 0.048 0 0 0.68 0.733
gammaRightTwo:-27.493 4.578 0.048 0 0 0.68 0.733
gammaRightEight:-36.449 5.471 0.048 0 0 0.68 0.733
gammaLeftFive:-32.151 3.226 0.048 0 0 0.733 -0.68
gammaRightTwelve:-42.419 6.067 0.048 0 0 0.68 0.733
gammaRightOne:-26.001 4.429 0.048 0 0 0.68 0.733
gammaLeftOne:-26.18 2.63 0.048 0 0 0.733 -0.68
gammaLeftTwo:-27.673 2.779 0.048 0 0 0.733 -0.68
alphaRightFive:6.056 -24.787 -0.026 0 0 0.984 -0.18
gammaRightSix:-33.464 5.174 0.048 0 0 0.68 0.733
betaRightFive:12.473 22.938 -0.026 0 0 -0.295 0.956
betaRightSix:13.349 24.157 -0.026 0 0 -0.295 0.956
betaRightEight:15.099 26.593 -0.026 0 0 -0.295 0.956
alphaLeftThree:6.436 -21.323 -0.026 0 0 -0.18 -0.984
alphaRightSix:6.674 -26.154 -0.026 0 0 0.984 -0.18
gammaRightFive:-31.971 5.025 0.048 0 0 0.68 0.733
alpha:3.414 -16.412 -0.025 0 0 0.532 -0.847
beta:6.684 16.693 -0.025 0 0 0.428 0.904
gamma:-22.361 2.739 0.049 0 0 1 -0.017