(125, 134, 151 to 140, 144, 177) [30 to 76800]
(133, 151, 175 to 152, 168, 213) [30 to 76800]
(135, 149, 171 to 149, 157, 195) [30 to 76800]
(119, 127, 147 to 132, 136, 175) [30 to 76800]
(77, 87, 100 to 107, 113, 149) [30 to 76800]
(118, 106, 114 to 126, 113, 132) [30 to 76800]
(135, 142, 152 to 148, 146, 169) [30 to 76800]
(135, 135, 136 to 154, 146, 161) [30 to 76800]
(120, 122, 117 to 131, 128, 140) [30 to 76800]
(120, 139, 156 to 141, 164, 202) [30 to 76800]
(124, 116, 115 to 136, 123, 145) [30 to 76800]
(121, 132, 151 to 134, 143, 189) [30 to 76800]
(121, 120, 116 to 135, 126, 154) [30 to 76800]
(122, 127, 136 to 137, 135, 165) [30 to 76800]
(134, 141, 158 to 160, 157, 187) [30 to 76800]
(134, 138, 141 to 153, 152, 186) [30 to 76800]
